<?xml version="1.0" encoding="utf-8"?>
<COLLADA xmlns="http://www.collada.org/2005/11/COLLADASchema" version="1.4.1">
  <asset><contributor><author></author><authoring_tool>FBX COLLADA exporter</authoring_tool><comments></comments></contributor><created>2019-01-27T08:49:50Z</created><keywords></keywords><modified>2019-01-27T08:49:50Z</modified><revision></revision><subject></subject><title></title><unit meter="0.010000" name="centimeter"></unit><up_axis>Y_UP</up_axis></asset>
  <library_materials>
    <material id="BlackBF" name="BlackBF">
      <instance_effect url="#BlackBF-fx"/>
    </material>
    <material id="BF_white" name="BF_white">
      <instance_effect url="#BF_white-fx"/>
    </material>
    <material id="lambert1" name="lambert1">
      <instance_effect url="#lambert1-fx"/>
    </material>
  </library_materials>
  <library_effects>
    <effect id="BlackBF-fx" name="BlackBF">
      <profile_COMMON>
        <technique sid="standard">
          <lambert>
            <emission>
              <color sid="emission">0.042741  0.042741 0.042741 1.000000</color>
            </emission>
            <ambient>
              <color sid="ambient">0.000000  0.000000 0.000000 1.000000</color>
            </ambient>
            <diffuse>
              <color sid="diffuse">0.000000  0.000000 0.000000 1.000000</color>
            </diffuse>
            <transparent opaque="RGB_ZERO">
              <color sid="transparent">0.000000  0.000000 0.000000 1.000000</color>
            </transparent>
            <transparency>
              <float sid="transparency">1.000000</float>
            </transparency>
          </lambert>
        </technique>
      </profile_COMMON>
    </effect>
    <effect id="BF_white-fx" name="BF_white">
      <profile_COMMON>
        <technique sid="standard">
          <lambert>
            <emission>
              <color sid="emission">0.076921  0.076921 0.076921 1.000000</color>
            </emission>
            <ambient>
              <color sid="ambient">0.094011  0.094011 0.094011 1.000000</color>
            </ambient>
            <diffuse>
              <color sid="diffuse">0.402532  0.335059 0.112097 1.000000</color>
            </diffuse>
            <transparent opaque="RGB_ZERO">
              <color sid="transparent">0.000000  0.000000 0.000000 1.000000</color>
            </transparent>
            <transparency>
              <float sid="transparency">1.000000</float>
            </transparency>
          </lambert>
        </technique>
      </profile_COMMON>
    </effect>
    <effect id="lambert1-fx" name="lambert1">
      <profile_COMMON>
        <technique sid="standard">
          <lambert>
            <emission>
              <color sid="emission">0.076921  0.076921 0.076921 1.000000</color>
            </emission>
            <ambient>
              <color sid="ambient">0.059831  0.059831 0.059831 1.000000</color>
            </ambient>
            <diffuse>
              <color sid="diffuse">0.486076  0.287897 0.079987 1.000000</color>
            </diffuse>
            <transparent opaque="RGB_ZERO">
              <color sid="transparent">0.000000  0.000000 0.000000 1.000000</color>
            </transparent>
            <transparency>
              <float sid="transparency">1.000000</float>
            </transparency>
          </lambert>
        </technique>
      </profile_COMMON>
    </effect>
  </library_effects>
  <library_geometries>
    <geometry id="pCube2-lib" name="pCube2Mesh">
      <mesh>
        <source id="pCube2-POSITION">
          <float_array id="pCube2-POSITION-array" count="111">
0.000084 0.167856 2.025923
0.058788 0.103868 1.761907
-0.058788 0.103868 1.761907
0.253747 -0.242280 -0.362526
-0.253747 -0.242280 -0.362526
0.249165 -0.250216 -1.360639
-0.249165 -0.250216 -1.360639
0.001808 -0.110046 -1.970824
0.000301 0.250216 -0.913340
-0.721974 0.264972 -2.896185
-0.465208 0.164588 -2.548431
-0.437475 0.139774 -2.590525
-0.405578 0.177630 -2.617787
-0.433311 0.202444 -2.575694
-0.341765 0.080289 -2.235604
-0.304905 0.051241 -2.261497
-0.263757 0.084279 -2.272371
-0.300617 0.113327 -2.246478
-0.184786 -0.030401 -1.822263
-0.161621 -0.054650 -1.833906
-0.135697 -0.030401 -1.833612
-0.158861 -0.006151 -1.821969
-0.061230 -0.141427 -1.399707
0.717386 0.274686 -2.901809
0.465546 0.166797 -2.552704
0.431729 0.201900 -2.580647
0.405580 0.174468 -2.622571
0.439397 0.139365 -2.594627
0.345771 0.083853 -2.238093
0.303087 0.114051 -2.249882
0.267856 0.082126 -2.275231
0.310541 0.051928 -2.263442
0.193657 -0.025249 -1.822516
0.166023 -0.002974 -1.823154
0.144803 -0.029209 -1.834184
0.172437 -0.051484 -1.833546
0.074826 -0.132000 -1.397511
</float_array>
          <technique_common>
            <accessor source="#pCube2-POSITION-array" count="37" stride="3">
              <param name="X" type="float"/>
              <param name="Y" type="float"/>
              <param name="Z" type="float"/>
            </accessor>
          </technique_common>
        </source>
        <source id="pCube2-Normal0">
          <float_array id="pCube2-Normal0-array" count="558">
0.000000 -0.971864 0.235544
0.000000 -0.971864 0.235544
0.000000 -0.971864 0.235544
0.000000 -0.986984 0.160816
0.000000 -0.986984 0.160816
0.000000 -0.986984 0.160816
0.000000 -0.986984 0.160816
0.000000 -0.986984 0.160816
0.000000 -0.986984 0.160816
0.000000 -0.999968 0.007951
0.000000 -0.999968 0.007951
0.000000 -0.999968 0.007951
0.000000 -0.999968 0.007951
0.000000 -0.999968 0.007951
0.000000 -0.999968 0.007951
0.000000 -0.974615 -0.223887
0.000000 -0.974615 -0.223887
0.000000 -0.974615 -0.223887
-0.796313 0.572223 -0.196079
-0.837056 0.531880 -0.128220
-0.872228 0.485765 -0.057011
-0.872228 0.485765 -0.057011
-0.837056 0.531880 -0.128220
-0.892176 0.451622 -0.007687
-0.771263 0.636268 0.017772
-0.885183 0.465205 0.005897
-0.810718 0.585267 0.014110
-0.885183 0.465205 0.005897
-0.886059 0.463536 0.005787
-0.810718 0.585267 0.014110
0.798852 0.569739 -0.192959
0.873151 0.484228 -0.055953
0.838668 0.529831 -0.126159
0.838668 0.529831 -0.126159
0.873151 0.484228 -0.055953
0.892612 0.450760 -0.007682
0.772358 0.634937 0.017849
0.811570 0.584082 0.014209
0.885566 0.464474 0.006048
0.885566 0.464474 0.006048
0.811570 0.584082 0.014209
0.886435 0.462815 0.005939
-0.526364 -0.837475 0.146891
-0.526364 -0.837475 0.146891
-0.526364 -0.837475 0.146891
0.335582 -0.720114 -0.607306
0.335582 -0.720115 -0.607306
0.335582 -0.720114 -0.607306
0.437939 0.870493 -0.224613
0.437939 0.870493 -0.224613
0.437939 0.870493 -0.224613
-0.424635 0.736746 0.526204
-0.424635 0.736746 0.526204
-0.424635 0.736746 0.526205
-0.631417 -0.774386 0.040484
-0.631417 -0.774386 0.040484
-0.631417 -0.774386 0.040484
-0.605586 -0.795214 0.030027
-0.605585 -0.795214 0.030027
-0.605585 -0.795214 0.030027
0.528227 -0.742159 -0.412524
0.528227 -0.742160 -0.412524
0.528227 -0.742159 -0.412524
0.501940 -0.760653 -0.411658
0.501940 -0.760653 -0.411658
0.501940 -0.760653 -0.411658
0.628850 0.776319 -0.043318
0.628850 0.776319 -0.043318
0.628850 0.776319 -0.043318
0.604247 0.796116 -0.032937
0.604247 0.796116 -0.032937
0.604247 0.796116 -0.032937
-0.530772 0.742067 0.409412
-0.530772 0.742067 0.409412
-0.530772 0.742067 0.409412
-0.503198 0.761310 0.408900
-0.503198 0.761310 0.408900
-0.503198 0.761310 0.408900
-0.610271 -0.791948 0.019692
-0.610271 -0.791948 0.019692
-0.610271 -0.791948 0.019692
-0.706612 -0.704860 0.062226
-0.706612 -0.704860 0.062226
-0.706612 -0.704860 0.062226
0.522013 -0.770540 -0.365746
0.522013 -0.770540 -0.365746
0.522013 -0.770540 -0.365746
0.638550 -0.678243 -0.363648
0.638550 -0.678243 -0.363648
0.638550 -0.678243 -0.363648
0.623924 0.781399 0.011578
0.623924 0.781399 0.011578
0.623924 0.781399 0.011578
0.716370 0.697203 -0.026857
0.716370 0.697203 -0.026857
0.716370 0.697203 -0.026857
-0.508273 0.763917 0.397605
-0.508273 0.763917 0.397605
-0.508273 0.763917 0.397605
-0.629091 0.667714 0.397999
-0.629091 0.667714 0.397999
-0.629091 0.667714 0.397999
-0.716504 -0.697085 0.026347
-0.716504 -0.697085 0.026347
-0.716504 -0.697085 0.026347
0.655351 -0.697086 -0.290839
0.655351 -0.697085 -0.290839
0.655351 -0.697086 -0.290839
0.733593 0.677923 0.047565
0.733593 0.677923 0.047565
0.733593 0.677923 0.047565
-0.638261 0.677923 0.364752
-0.638261 0.677923 0.364752
-0.638261 0.677923 0.364752
0.378346 0.771579 0.511389
0.378346 0.771580 0.511389
0.378346 0.771579 0.511389
-0.487925 0.838076 -0.244047
-0.487924 0.838076 -0.244047
-0.487924 0.838076 -0.244047
-0.289696 -0.751213 -0.593089
-0.289696 -0.751213 -0.593089
-0.289696 -0.751213 -0.593089
0.574153 -0.801653 0.166435
0.574153 -0.801653 0.166435
0.574153 -0.801653 0.166435
0.487125 0.780768 0.391294
0.487125 0.780768 0.391294
0.487125 0.780768 0.391294
0.457529 0.799026 0.390159
0.457529 0.799026 0.390159
0.457529 0.799026 0.390159
-0.670994 0.738627 -0.064790
-0.670994 0.738627 -0.064790
-0.670994 0.738627 -0.064790
-0.648350 0.759338 -0.055205
-0.648350 0.759338 -0.055205
-0.648350 0.759338 -0.055205
-0.484404 -0.780792 -0.394609
-0.484404 -0.780792 -0.394609
-0.484404 -0.780792 -0.394609
-0.456212 -0.798323 -0.393129
-0.456212 -0.798324 -0.393129
-0.456212 -0.798324 -0.393129
0.673321 -0.736738 0.062104
0.673321 -0.736738 0.062104
0.673321 -0.736738 0.062104
0.649555 -0.758502 0.052475
0.649555 -0.758502 0.052475
0.649555 -0.758502 0.052475
0.462165 0.801453 0.379575
0.462165 0.801453 0.379575
0.462165 0.801453 0.379575
0.574375 0.723519 0.382902
0.574375 0.723519 0.382902
0.574375 0.723519 0.382902
-0.667415 0.744617 -0.010169
-0.667415 0.744617 -0.010169
-0.667415 0.744617 -0.010169
-0.765696 0.641114 -0.051790
-0.765696 0.641114 -0.051790
-0.765696 0.641114 -0.051790
-0.475802 -0.808105 -0.347243
-0.475803 -0.808105 -0.347243
-0.475803 -0.808105 -0.347243
-0.583459 -0.733796 -0.348022
-0.583459 -0.733796 -0.348022
-0.583459 -0.733796 -0.348022
0.654414 -0.755007 0.041323
0.654414 -0.755007 0.041323
0.654413 -0.755007 0.041323
0.756346 -0.648359 0.087011
0.756346 -0.648359 0.087011
0.756346 -0.648359 0.087011
0.583586 0.733934 0.347516
0.583586 0.733934 0.347516
0.583586 0.733934 0.347516
-0.781708 0.623276 0.021448
-0.781708 0.623276 0.021448
-0.781707 0.623276 0.021448
-0.599880 -0.752018 -0.273153
-0.599880 -0.752018 -0.273153
-0.599880 -0.752018 -0.273153
0.765414 -0.641359 0.052915
0.765414 -0.641359 0.052915
0.765414 -0.641359 0.052915
</float_array>
          <technique_common>
            <accessor source="#pCube2-Normal0-array" count="186" stride="3">
              <param name="X" type="float"/>
              <param name="Y" type="float"/>
              <param name="Z" type="float"/>
            </accessor>
          </technique_common>
        </source>
        <source id="pCube2-UV0">
          <float_array id="pCube2-UV0-array" count="100">
0.500000 0.000000
0.375000 0.250000
0.625000 0.250000
0.375000 0.375000
0.625000 0.375000
0.375000 0.500000
0.625000 0.500000
0.500000 0.750000
0.875000 0.000000
0.750000 0.000000
0.875000 0.250000
0.750000 0.250000
0.125000 0.000000
0.250000 0.000000
0.125000 0.250000
0.250000 0.250000
0.500000 0.500000
0.406250 0.625000
0.312500 0.625000
0.500000 0.625000
0.593750 0.625000
0.687500 0.625000
0.375000 0.750000
0.437500 0.750000
0.500000 0.750000
0.562500 0.750000
0.625000 0.750000
0.437500 0.875000
0.468750 0.875000
0.500000 0.875000
0.531250 0.875000
0.562500 0.875000
0.500000 1.000000
0.500000 0.500000
0.406250 0.625000
0.312500 0.625000
0.500000 0.625000
0.593750 0.625000
0.687500 0.625000
0.375000 0.750000
0.437500 0.750000
0.500000 0.750000
0.562500 0.750000
0.625000 0.750000
0.437500 0.875000
0.468750 0.875000
0.500000 0.875000
0.531250 0.875000
0.562500 0.875000
0.500000 1.000000
</float_array>
          <technique_common>
            <accessor source="#pCube2-UV0-array" count="50" stride="2">
              <param name="S" type="float"/>
              <param name="T" type="float"/>
            </accessor>
          </technique_common>
        </source>
        <vertices id="pCube2-VERTEX">
          <input semantic="POSITION" source="#pCube2-POSITION"/>
        </vertices>
        <triangles count="62" material="BlackBF"><input semantic="VERTEX" offset="0" source="#pCube2-VERTEX"/><input semantic="NORMAL" offset="1" source="#pCube2-Normal0"/><input semantic="TEXCOORD" offset="2" set="0" source="#pCube2-UV0"/><p> 0 0 0 2 1 2 1 2 1 1 3 1 2 4 2 3 5 3 3 6 3 2 7 2 4 8 4 3 9 3 4 10 4 5 11 5 5 12 5 4 13 4 6 14 6 5 15 5 6 16 6 7 17 7 7 18 8 6 19 10 8 20 9 8 21 9 6 22 10 4 23 11 0 24 0 8 25 9 2 26 2 8 27 9 4 28 11 2 29 2 7 30 12 8 31 13 5 32 14 5 33 14 8 34 13 3 35 15 0 36 0 1 37 1 8 38 13 8 39 13 1 40 1 3 41 15 9 42 16 11 43 17 10 44 18 9 45 16 12 46 19 11 47 17 9 48 16 13 49 20 12 50 19 9 51 16 10 52 21 13 53 20 10 54 18 11 55 17 14 56 22 14 57 22 11 58 17 15 59 23 11 60 17 12 61 19 15 62 23 15 63 23 12 64 19 16 65 24 13 66 20 17 67 25 12 68 19 12 69 19 17 70 25 16 71 24 10 72 21 14 73 26 13 74 20 13 75 20 14 76 26 17 77 25 14 78 22 15 79 23 18 80 27 18 81 27 15 82 23 19 83 28 15 84 23 16 85 24 19 86 28 19 87 28 16 88 24 20 89 29 17 90 25 21 91 30 16 92 24 16 93 24 21 94 30 20 95 29 14 96 26 18 97 31 17 98 25 17 99 25 18 100 31 21 101 30 18 102 27 19 103 28 22 104 32 19 105 28 20 106 29 22 107 32 20 108 29 21 109 30 22 110 32 21 111 30 18 112 31 22 113 32 23 114 33 25 115 34 24 116 35 23 117 33 26 118 36 25 119 34 23 120 33 27 121 37 26 122 36 23 123 33 24 124 38 27 125 37 24 126 35 25 127 34 28 128 39 28 129 39 25 130 34 29 131 40 25 132 34 26 133 36 29 134 40 29 135 40 26 136 36 30 137 41 27 138 37 31 139 42 26 140 36 26 141 36 31 142 42 30 143 41 24 144 38 28 145 43 27 146 37 27 147 37 28 148 43 31 149 42 28 150 39 29 151 40 32 152 44 32 153 44 29 154 40 33 155 45 29 156 40 30 157 41 33 158 45 33 159 45 30 160 41 34 161 46 31 162 42 35 163 47 30 164 41 30 165 41 35 166 47 34 167 46 28 168 43 32 169 48 31 170 42 31 171 42 32 172 48 35 173 47 32 174 44 33 175 45 36 176 49 33 177 45 34 178 46 36 179 49 34 180 46 35 181 47 36 182 49 35 183 47 32 184 48 36 185 49</p></triangles>
      </mesh>
    </geometry>
    <geometry id="pPlane5-lib" name="pPlane5Mesh">
      <mesh>
        <source id="pPlane5-POSITION">
          <float_array id="pPlane5-POSITION-array" count="72">
0.002769 0.011694 -0.908239
3.865066 -0.553853 -0.973207
4.804133 0.011694 -4.117359
0.002769 0.011694 -1.160025
3.163561 -0.162977 -4.480236
4.482518 -0.162977 -4.893771
3.419331 -0.000000 3.255882
1.532035 -0.269746 3.271219
0.985479 -0.269746 2.554674
3.956164 -0.000000 0.970042
0.030497 0.000000 -0.917074
2.325155 -0.473505 -1.015362
0.000906 -0.033917 -0.910541
3.858304 -0.598870 -0.983324
4.802271 -0.033917 -4.119661
0.005805 -0.034512 -1.154512
3.166597 -0.209183 -4.474723
4.485555 -0.209183 -4.888258
3.422591 -0.046269 3.253395
1.538556 -0.315652 3.266246
0.992056 -0.315621 2.549494
3.952117 -0.044679 0.978462
0.029765 -0.044285 -0.911348
2.317060 -0.516231 -0.998522
</float_array>
          <technique_common>
            <accessor source="#pPlane5-POSITION-array" count="24" stride="3">
              <param name="X" type="float"/>
              <param name="Y" type="float"/>
              <param name="Z" type="float"/>
            </accessor>
          </technique_common>
        </source>
        <source id="pPlane5-Normal0">
          <float_array id="pPlane5-Normal0-array" count="360">
-0.145459 -0.965131 -0.217631
-0.145459 -0.965131 -0.217631
-0.145459 -0.965131 -0.217631
0.001651 -0.999996 0.002470
0.033166 -0.998020 0.053450
0.075040 -0.987501 0.138605
0.061944 -0.978330 0.197567
0.075040 -0.987501 0.138605
0.077762 -0.988498 0.129713
0.077762 -0.988498 0.129713
0.075040 -0.987501 0.138605
0.033166 -0.998020 0.053450
0.140019 -0.984372 -0.106803
0.140019 -0.984372 -0.106803
0.140019 -0.984372 -0.106803
0.000212 -1.000000 -0.000650
0.000212 -1.000000 -0.000650
0.000212 -1.000000 -0.000650
0.142729 -0.982853 -0.116743
0.142729 -0.982853 -0.116743
0.142729 -0.982853 -0.116743
-0.175000 -0.915197 0.363027
-0.175000 -0.915197 0.363027
-0.175000 -0.915197 0.363027
0.145004 0.965353 0.216949
0.145004 0.965353 0.216949
0.145004 0.965353 0.216949
0.000000 1.000000 0.000000
-0.074056 0.987765 -0.137243
-0.031366 0.998210 -0.050924
-0.061112 0.978915 -0.194914
-0.076786 0.988699 -0.128760
-0.074056 0.987765 -0.137243
-0.076786 0.988699 -0.128760
-0.031366 0.998210 -0.050924
-0.074056 0.987765 -0.137243
-0.139833 0.984414 0.106660
-0.139833 0.984414 0.106660
-0.139833 0.984414 0.106660
0.000000 1.000000 0.000000
0.000000 1.000000 0.000000
0.000000 1.000000 0.000000
-0.142233 0.983071 0.115506
-0.142233 0.983071 0.115506
-0.142233 0.983071 0.115506
0.173595 0.916219 -0.361120
0.173595 0.916219 -0.361120
0.173595 0.916219 -0.361120
0.009362 -0.050784 0.998666
0.009196 -0.052007 0.998604
-0.013250 -0.216144 0.976272
-0.013250 -0.216144 0.976272
0.009196 -0.052007 0.998604
-0.013414 -0.217328 0.976006
0.947812 -0.198469 0.249523
0.959393 -0.054394 0.276778
0.947997 -0.197260 0.249778
0.947997 -0.197260 0.249778
0.959393 -0.054394 0.276778
0.959403 -0.053161 0.276985
-0.638705 -0.132412 -0.757973
-0.636603 -0.132483 -0.759727
-0.721638 -0.128579 -0.680225
-0.721638 -0.128579 -0.680225
-0.636603 -0.132483 -0.759727
-0.721638 -0.128579 -0.680225
-0.997848 -0.065572 0.000001
-0.998517 -0.054406 -0.002102
-0.999448 0.028180 -0.017609
-0.999448 0.028180 -0.017609
-0.998517 -0.054406 -0.002102
-0.998922 0.041814 -0.020160
0.925189 -0.018661 -0.379047
0.925146 -0.017619 -0.379203
0.923350 0.013859 -0.383709
0.923350 0.013859 -0.383709
0.925146 -0.017619 -0.379203
0.923276 0.014879 -0.383848
-0.296540 -0.132340 -0.945807
-0.636603 -0.132483 -0.759727
-0.296540 -0.132340 -0.945807
-0.296540 -0.132340 -0.945807
-0.636603 -0.132483 -0.759727
-0.638705 -0.132412 -0.757973
0.021744 -0.104640 0.994272
0.015719 -0.053349 0.998452
0.021650 -0.103839 0.994358
0.021650 -0.103839 0.994358
0.015719 -0.053349 0.998452
0.015627 -0.052567 0.998495
-0.930494 -0.168817 0.325087
-0.930279 -0.170048 0.325060
-0.782804 -0.175987 0.596863
-0.782804 -0.175987 0.596863
-0.930279 -0.170048 0.325060
-0.782825 -0.175867 0.596871
0.972405 0.056383 0.226382
0.972579 -0.043914 0.228389
0.972468 0.055134 0.226421
0.972468 0.055134 0.226421
0.972579 -0.043914 0.228389
0.972523 -0.045080 0.228399
-0.961939 0.050611 0.268535
-0.962048 0.048940 0.268457
-0.930494 -0.168817 0.325087
-0.930494 -0.168817 0.325087
-0.962048 0.048940 0.268457
-0.930279 -0.170048 0.325060
0.780599 -0.183336 -0.597540
0.780513 -0.185290 -0.597049
0.760053 -0.356093 -0.543615
0.760053 -0.356093 -0.543615
0.780513 -0.185290 -0.597049
0.759688 -0.357919 -0.542925
-0.107098 -0.346948 -0.931749
-0.069045 -0.129527 -0.989169
-0.106694 -0.344560 -0.932682
-0.106694 -0.344560 -0.932682
-0.069045 -0.129527 -0.989169
-0.068559 -0.126837 -0.989551
</float_array>
          <technique_common>
            <accessor source="#pPlane5-Normal0-array" count="120" stride="3">
              <param name="X" type="float"/>
              <param name="Y" type="float"/>
              <param name="Z" type="float"/>
            </accessor>
          </technique_common>
        </source>
        <source id="pPlane5-UV0">
          <float_array id="pPlane5-UV0-array" count="72">
0.083333 0.125000
0.916667 0.116667
0.833333 0.333333
0.000000 0.400000
0.333333 0.400000
0.666667 0.400000
0.833333 0.000000
0.208333 0.270833
1.000000 0.333333
0.166667 0.666667
0.791667 0.833333
0.000000 1.000000
0.083333 0.125000
0.916667 0.116667
0.833333 0.333333
0.333333 0.400000
0.000000 0.400000
0.666667 0.400000
0.833333 0.000000
0.208333 0.270833
1.000000 0.333333
0.166667 0.666667
0.791667 0.833333
0.000000 1.000000
0.083333 0.125000
0.916667 0.116667
0.833333 0.333333
0.333333 0.400000
0.000000 0.400000
0.666667 0.400000
0.833333 0.000000
0.208333 0.270833
1.000000 0.333333
0.166667 0.666667
0.791667 0.833333
0.000000 1.000000
</float_array>
          <technique_common>
            <accessor source="#pPlane5-UV0-array" count="36" stride="2">
              <param name="S" type="float"/>
              <param name="T" type="float"/>
            </accessor>
          </technique_common>
        </source>
        <vertices id="pPlane5-VERTEX">
          <input semantic="POSITION" source="#pPlane5-POSITION"/>
        </vertices>
        <triangles count="38" material="BF_white"><input semantic="VERTEX" offset="0" source="#pPlane5-VERTEX"/><input semantic="NORMAL" offset="1" source="#pPlane5-Normal0"/><input semantic="TEXCOORD" offset="2" set="0" source="#pPlane5-UV0"/><p> 12 0 24 14 1 26 13 2 25 12 3 24 15 4 28 14 5 26 17 6 29 14 7 26 16 8 27 16 9 27 14 10 26 15 11 28 19 12 30 20 13 32 18 14 31 18 15 31 22 16 10 21 17 33 18 18 31 20 19 32 22 20 34 21 21 33 22 22 34 23 23 35 0 27 12 2 28 14 3 29 16 5 30 17 4 31 15 2 32 14 4 33 15 3 34 16 2 35 14 7 36 18 6 37 19 8 38 20 6 42 19 10 43 22 8 44 20 9 45 21 11 46 23 10 47 22 0 48 0 12 49 24 1 50 1 1 51 1 12 52 24 13 53 25 13 54 25 14 55 26 1 56 1 1 57 1 14 58 26 2 59 2 4 60 4 16 61 27 3 62 3 3 63 3 16 64 27 15 65 28 3 66 3 15 67 28 0 68 0 0 69 0 15 70 28 12 71 24 2 72 2 14 73 26 5 74 5 5 75 5 14 76 26 17 77 29 17 78 29 16 79 27 5 80 5 5 81 5 16 82 27 4 83 4 19 84 30 18 85 31 7 86 6 7 87 6 18 88 31 6 89 7 8 90 8 20 91 32 7 92 6 7 93 6 20 94 32 19 95 30 18 96 31 21 97 33 6 98 7 6 99 7 21 100 33 9 101 9 10 102 10 22 103 34 8 104 8 8 105 8 22 106 34 20 107 32 9 108 9 21 109 33 11 110 11 11 111 11 21 112 33 23 113 35 23 114 35 22 115 34 11 116 11 11 117 11 22 118 34 10 119 10</p></triangles>
        <triangles count="2" material="lambert1"><input semantic="VERTEX" offset="0" source="#pPlane5-VERTEX"/><input semantic="NORMAL" offset="1" source="#pPlane5-Normal0"/><input semantic="TEXCOORD" offset="2" set="0" source="#pPlane5-UV0"/><p> 0 24 12 1 25 13 2 26 14 6 39 19 9 40 21 10 41 22</p></triangles>
      </mesh>
    </geometry>
    <geometry id="pPlane6-lib" name="pPlane6Mesh">
      <mesh>
        <source id="pPlane6-POSITION">
          <float_array id="pPlane6-POSITION-array" count="72">
0.000728 0.011694 -0.908239
-3.861569 -0.553853 -0.973207
-4.800636 0.011694 -4.117359
0.000728 0.011694 -1.160025
-3.160064 -0.162977 -4.480236
-4.479022 -0.162977 -4.893771
-3.413287 -0.000000 3.255882
-1.525991 -0.269746 3.271219
-0.979434 -0.269746 2.554674
-3.950120 -0.000000 0.970042
-0.025025 0.000000 -0.917074
-2.319110 -0.473505 -1.015362
0.002590 -0.033917 -0.910541
-4.798774 -0.033917 -4.119661
-3.854807 -0.598870 -0.983324
-3.163101 -0.209183 -4.474723
-4.482058 -0.209183 -4.888258
-0.002309 -0.034512 -1.154512
-1.532511 -0.315652 3.266246
-0.986011 -0.315621 2.549494
-3.416547 -0.046269 3.253395
-0.024292 -0.044284 -0.911346
-3.946071 -0.044679 0.978462
-2.311013 -0.516230 -0.998520
</float_array>
          <technique_common>
            <accessor source="#pPlane6-POSITION-array" count="24" stride="3">
              <param name="X" type="float"/>
              <param name="Y" type="float"/>
              <param name="Z" type="float"/>
            </accessor>
          </technique_common>
        </source>
        <source id="pPlane6-Normal0">
          <float_array id="pPlane6-Normal0-array" count="360">
0.145459 -0.965131 -0.217631
0.145459 -0.965131 -0.217631
0.145459 -0.965131 -0.217631
-0.001651 -0.999996 0.002470
-0.075040 -0.987501 0.138605
-0.033166 -0.998020 0.053450
-0.061944 -0.978330 0.197567
-0.077762 -0.988498 0.129713
-0.075040 -0.987501 0.138605
-0.077762 -0.988498 0.129713
-0.033166 -0.998020 0.053450
-0.075040 -0.987501 0.138605
-0.140019 -0.984372 -0.106803
-0.140019 -0.984372 -0.106803
-0.140019 -0.984372 -0.106803
-0.000212 -1.000000 -0.000650
-0.000212 -1.000000 -0.000650
-0.000212 -1.000000 -0.000650
-0.142722 -0.982857 -0.116718
-0.142722 -0.982857 -0.116718
-0.142722 -0.982857 -0.116718
0.175039 -0.915179 0.363055
0.175039 -0.915179 0.363055
0.175039 -0.915179 0.363055
-0.145004 0.965353 0.216949
-0.145004 0.965353 0.216949
-0.145004 0.965353 0.216949
-0.000000 1.000000 0.000000
0.031366 0.998210 -0.050924
0.074056 0.987765 -0.137243
0.061112 0.978915 -0.194914
0.074056 0.987765 -0.137243
0.076786 0.988699 -0.128760
0.076786 0.988699 -0.128760
0.074056 0.987765 -0.137243
0.031366 0.998210 -0.050924
0.139833 0.984414 0.106660
0.139833 0.984414 0.106660
0.139833 0.984414 0.106660
-0.000000 1.000000 0.000000
-0.000000 1.000000 0.000000
-0.000000 1.000000 0.000000
0.142226 0.983075 0.115481
0.142226 0.983075 0.115481
0.142226 0.983075 0.115481
-0.173633 0.916201 -0.361147
-0.173633 0.916201 -0.361147
-0.173633 0.916201 -0.361147
-0.959405 -0.053123 0.276985
-0.959395 -0.054356 0.276778
-0.948000 -0.197249 0.249779
-0.948000 -0.197249 0.249779
-0.959395 -0.054356 0.276778
-0.947814 -0.198458 0.249524
0.013414 -0.217328 0.976006
-0.009197 -0.052007 0.998604
0.013250 -0.216144 0.976271
0.013250 -0.216144 0.976271
-0.009197 -0.052007 0.998604
-0.009362 -0.050784 0.998666
0.638704 -0.132413 -0.757973
0.636603 -0.132484 -0.759727
0.296540 -0.132341 -0.945806
0.296540 -0.132341 -0.945806
0.636603 -0.132484 -0.759727
0.296540 -0.132341 -0.945806
-0.923276 0.014880 -0.383848
-0.925147 -0.017594 -0.379202
-0.923350 0.013861 -0.383708
-0.923350 0.013861 -0.383708
-0.925147 -0.017594 -0.379202
-0.925190 -0.018636 -0.379046
0.998922 0.041814 -0.020160
0.998517 -0.054406 -0.002102
0.999448 0.028180 -0.017609
0.999448 0.028180 -0.017609
0.998517 -0.054406 -0.002102
0.997848 -0.065572 0.000001
0.721639 -0.128577 -0.680225
0.721639 -0.128577 -0.680225
0.638704 -0.132413 -0.757973
0.638704 -0.132413 -0.757973
0.721639 -0.128577 -0.680225
0.636603 -0.132484 -0.759727
0.782710 -0.175866 0.597023
0.782697 -0.175986 0.597005
0.930548 -0.168778 0.324953
0.930548 -0.168778 0.324953
0.782697 -0.175986 0.597005
0.930326 -0.170057 0.324921
-0.015627 -0.052567 0.998495
-0.015719 -0.053349 0.998452
-0.021648 -0.103839 0.994358
-0.021648 -0.103839 0.994358
-0.015719 -0.053349 0.998452
-0.021742 -0.104640 0.994272
-0.972523 -0.045098 0.228398
-0.972578 -0.043932 0.228389
-0.972470 0.055103 0.226421
-0.972470 0.055103 0.226421
-0.972578 -0.043932 0.228389
-0.972407 0.056352 0.226381
0.930326 -0.170057 0.324921
0.962088 0.048952 0.268310
0.930548 -0.168778 0.324953
0.930548 -0.168778 0.324953
0.962088 0.048952 0.268310
0.961980 0.050622 0.268389
0.068581 -0.126860 -0.989547
0.069067 -0.129552 -0.989164
0.106724 -0.344580 -0.932671
0.106724 -0.344580 -0.932671
0.069067 -0.129552 -0.989164
0.107129 -0.346969 -0.931738
-0.759677 -0.357974 -0.542905
-0.780513 -0.185308 -0.597043
-0.760041 -0.356147 -0.543595
-0.760041 -0.356147 -0.543595
-0.780513 -0.185308 -0.597043
-0.780599 -0.183353 -0.597534
</float_array>
          <technique_common>
            <accessor source="#pPlane6-Normal0-array" count="120" stride="3">
              <param name="X" type="float"/>
              <param name="Y" type="float"/>
              <param name="Z" type="float"/>
            </accessor>
          </technique_common>
        </source>
        <source id="pPlane6-UV0">
          <float_array id="pPlane6-UV0-array" count="72">
0.083333 0.125000
0.916667 0.116667
0.833333 0.333333
0.000000 0.400000
0.333333 0.400000
0.666667 0.400000
0.833333 0.000000
1.000000 0.333333
0.208333 0.270833
0.791667 0.833333
0.166667 0.666667
0.000000 1.000000
0.083333 0.125000
0.833333 0.333333
0.916667 0.116667
0.333333 0.400000
0.666667 0.400000
0.000000 0.400000
0.833333 0.000000
1.000000 0.333333
0.208333 0.270833
0.791667 0.833333
0.166667 0.666667
0.000000 1.000000
0.833333 0.333333
0.916667 0.116667
0.083333 0.125000
0.333333 0.400000
0.666667 0.400000
0.000000 0.400000
0.833333 0.000000
1.000000 0.333333
0.208333 0.270833
0.166667 0.666667
0.791667 0.833333
0.000000 1.000000
</float_array>
          <technique_common>
            <accessor source="#pPlane6-UV0-array" count="36" stride="2">
              <param name="S" type="float"/>
              <param name="T" type="float"/>
            </accessor>
          </technique_common>
        </source>
        <vertices id="pPlane6-VERTEX">
          <input semantic="POSITION" source="#pPlane6-POSITION"/>
        </vertices>
        <triangles count="38" material="BF_white"><input semantic="VERTEX" offset="0" source="#pPlane6-VERTEX"/><input semantic="NORMAL" offset="1" source="#pPlane6-Normal0"/><input semantic="TEXCOORD" offset="2" set="0" source="#pPlane6-UV0"/><p> 12 0 26 14 1 25 13 2 24 12 3 26 13 4 24 17 5 29 16 6 28 15 7 27 13 8 24 15 9 27 17 10 29 13 11 24 18 12 30 20 13 32 19 14 31 20 15 32 22 16 33 21 17 9 20 18 32 21 19 34 19 20 31 22 21 33 23 22 35 21 23 34 0 27 12 3 28 17 2 29 13 5 30 16 2 31 13 4 32 15 4 33 15 2 34 13 3 35 17 7 36 18 8 37 19 6 38 20 6 42 20 8 43 19 10 44 21 9 45 22 10 46 21 11 47 23 2 48 2 13 49 24 1 50 1 1 51 1 13 52 24 14 53 25 14 54 25 12 55 26 1 56 1 1 57 1 12 58 26 0 59 0 4 60 4 15 61 27 5 62 5 5 63 5 15 64 27 16 65 28 16 66 28 13 67 24 5 68 5 5 69 5 13 70 24 2 71 2 12 72 26 17 73 29 0 74 0 0 75 0 17 76 29 3 77 3 3 78 3 17 79 29 4 80 4 4 81 4 17 82 29 15 83 27 7 84 6 18 85 30 8 86 7 8 87 7 18 88 30 19 89 31 6 90 8 20 91 32 7 92 6 7 93 6 20 94 32 18 95 30 9 96 10 22 97 33 6 98 8 6 99 8 22 100 33 20 101 32 19 102 31 21 103 34 8 104 7 8 105 7 21 106 34 10 107 9 10 108 9 21 109 34 11 110 11 11 111 11 21 112 34 23 113 35 23 114 35 22 115 33 11 116 11 11 117 11 22 118 33 9 119 10</p></triangles>
        <triangles count="2" material="lambert1"><input semantic="VERTEX" offset="0" source="#pPlane6-VERTEX"/><input semantic="NORMAL" offset="1" source="#pPlane6-Normal0"/><input semantic="TEXCOORD" offset="2" set="0" source="#pPlane6-UV0"/><p> 0 24 12 2 25 13 1 26 14 6 39 20 10 40 21 9 41 22</p></triangles>
      </mesh>
    </geometry>
  </library_geometries>
  <library_animations>
    <animation id="pPlane5-anim" name="pPlane5"><animation><source id="pPlane5-Matrix-animation-input"><float_array id="pPlane5-Matrix-animation-input-array" count="45">

0.041667 0.083333 0.125000 0.166667 0.208333 0.250000 0.291667 0.333333 0.375000 0.416667 0.458333 0.500000 0.541667 0.583333 0.625000 0.666667
0.708333 0.750000 0.791667 0.833333 0.875000 0.916667 0.958333 1.000000 1.041667 1.083333 1.125000 1.166667 1.208333 1.250000 1.291667 1.333333
1.375000 1.416667 1.458333 1.500000 1.541667 1.583333 1.625000 1.666667 1.708333 1.750000 1.791667 1.833333 1.875000</float_array><technique_common><accessor source="#pPlane5-Matrix-animation-input-array" count="45"><param name="TIME" type="float"/></accessor></technique_common></source><source id="pPlane5-Matrix-animation-output-transform"><float_array id="pPlane5-Matrix-animation-output-transform-array" count="720">

1.000000 0.000000 0.000000 0.000000 0.000000 1.000000 0.000000 0.000000 0.000000 0.000000 1.000000 0.000000 0.000000 0.000000 0.000000 1.000000
0.999937 -0.011196 0.000000 0.000000 0.011196 0.999937 0.000000 0.000000 0.000000 0.000000 1.000000 0.000000 0.000000 0.000000 0.000000 1.000000
0.999069 -0.043143 0.000000 0.000000 0.043143 0.999069 0.000000 0.000000 0.000000 0.000000 1.000000 0.000000 0.000000 0.000000 0.000000 1.000000
0.995638 -0.093301 0.000000 0.000000 0.093301 0.995638 0.000000 0.000000 0.000000 0.000000 1.000000 0.000000 0.000000 0.000000 0.000000 1.000000
0.987292 -0.158920 0.000000 0.000000 0.158920 0.987292 0.000000 0.000000 0.000000 0.000000 1.000000 0.000000 0.000000 0.000000 0.000000 1.000000
0.971530 -0.236917 0.000000 0.000000 0.236917 0.971530 0.000000 0.000000 0.000000 0.000000 1.000000 0.000000 0.000000 0.000000 0.000000 1.000000
0.946114 -0.323833 0.000000 0.000000 0.323833 0.946114 0.000000 0.000000 0.000000 0.000000 1.000000 0.000000 0.000000 0.000000 0.000000 1.000000
0.909418 -0.415884 0.000000 0.000000 0.415884 0.909418 0.000000 0.000000 0.000000 0.000000 1.000000 0.000000 0.000000 0.000000 0.000000 1.000000
0.860697 -0.509117 0.000000 0.000000 0.509117 0.860697 0.000000 0.000000 0.000000 0.000000 1.000000 0.000000 0.000000 0.000000 0.000000 1.000000
0.800260 -0.599653 0.000000 0.000000 0.599653 0.800260 0.000000 0.000000 0.000000 0.000000 1.000000 0.000000 0.000000 0.000000 0.000000 1.000000
0.729506 -0.683974 0.000000 0.000000 0.683974 0.729506 0.000000 0.000000 0.000000 0.000000 1.000000 0.000000 0.000000 0.000000 0.000000 1.000000
0.650841 -0.759214 0.000000 0.000000 0.759214 0.650841 0.000000 0.000000 0.000000 0.000000 1.000000 0.000000 0.000000 0.000000 0.000000 1.000000
0.567485 -0.823384 0.000000 0.000000 0.823384 0.567485 0.000000 0.000000 0.000000 0.000000 1.000000 0.000000 0.000000 0.000000 0.000000 1.000000
0.483204 -0.875508 0.000000 0.000000 0.875508 0.483204 0.000000 0.000000 0.000000 0.000000 1.000000 0.000000 0.000000 0.000000 0.000000 1.000000
0.402022 -0.915630 0.000000 0.000000 0.915630 0.402022 0.000000 0.000000 0.000000 0.000000 1.000000 0.000000 0.000000 0.000000 0.000000 1.000000
0.327947 -0.944696 0.000000 0.000000 0.944696 0.327947 0.000000 0.000000 0.000000 0.000000 1.000000 0.000000 0.000000 0.000000 0.000000 1.000000
0.264774 -0.964310 0.000000 0.000000 0.964310 0.264774 0.000000 0.000000 0.000000 0.000000 1.000000 0.000000 0.000000 0.000000 0.000000 1.000000
0.215974 -0.976399 0.000000 0.000000 0.976399 0.215974 0.000000 0.000000 0.000000 0.000000 1.000000 0.000000 0.000000 0.000000 0.000000 1.000000
0.184663 -0.982802 0.000000 0.000000 0.982802 0.184663 0.000000 0.000000 0.000000 0.000000 1.000000 0.000000 0.000000 0.000000 0.000000 1.000000
0.173648 -0.984808 0.000000 0.000000 0.984808 0.173648 0.000000 0.000000 0.000000 0.000000 1.000000 0.000000 0.000000 0.000000 0.000000 1.000000
0.187338 -0.982295 0.000000 0.000000 0.982295 0.187338 0.000000 0.000000 0.000000 0.000000 1.000000 0.000000 0.000000 0.000000 0.000000 1.000000
0.226311 -0.974055 0.000000 0.000000 0.974055 0.226311 0.000000 0.000000 0.000000 0.000000 1.000000 0.000000 0.000000 0.000000 0.000000 1.000000
0.287068 -0.957910 0.000000 0.000000 0.957910 0.287068 0.000000 0.000000 0.000000 0.000000 1.000000 0.000000 0.000000 0.000000 0.000000 1.000000
0.365527 -0.930801 0.000000 0.000000 0.930801 0.365527 0.000000 0.000000 0.000000 0.000000 1.000000 0.000000 0.000000 0.000000 0.000000 1.000000
0.456904 -0.889516 0.000000 0.000000 0.889516 0.456904 0.000000 0.000000 0.000000 0.000000 1.000000 0.000000 0.000000 0.000000 0.000000 1.000000
0.555715 -0.831373 0.000000 0.000000 0.831373 0.555715 0.000000 0.000000 0.000000 0.000000 1.000000 0.000000 0.000000 0.000000 0.000000 1.000000
0.655960 -0.754795 0.000000 0.000000 0.754795 0.655960 0.000000 0.000000 0.000000 0.000000 1.000000 0.000000 0.000000 0.000000 0.000000 1.000000
0.751494 -0.659739 0.000000 0.000000 0.659739 0.751494 0.000000 0.000000 0.000000 0.000000 1.000000 0.000000 0.000000 0.000000 0.000000 1.000000
0.836549 -0.547892 0.000000 0.000000 0.547892 0.836549 0.000000 0.000000 0.000000 0.000000 1.000000 0.000000 0.000000 0.000000 0.000000 1.000000
0.906308 -0.422618 0.000000 0.000000 0.422618 0.906308 0.000000 0.000000 0.000000 0.000000 1.000000 0.000000 0.000000 0.000000 0.000000 1.000000
0.957433 -0.288656 0.000000 0.000000 0.288656 0.957433 0.000000 0.000000 0.000000 0.000000 1.000000 0.000000 0.000000 0.000000 0.000000 1.000000
0.988441 -0.151606 0.000000 0.000000 0.151606 0.988441 0.000000 0.000000 0.000000 0.000000 1.000000 0.000000 0.000000 0.000000 0.000000 1.000000
0.999850 -0.017322 0.000000 0.000000 0.017322 0.999850 0.000000 0.000000 0.000000 0.000000 1.000000 0.000000 0.000000 0.000000 0.000000 1.000000
0.994075 0.108693 0.000000 0.000000 -0.108693 0.994075 0.000000 0.000000 0.000000 0.000000 1.000000 0.000000 0.000000 0.000000 0.000000 1.000000
0.975101 0.221761 0.000000 0.000000 -0.221761 0.975101 0.000000 0.000000 0.000000 0.000000 1.000000 0.000000 0.000000 0.000000 0.000000 1.000000
0.947991 0.318298 0.000000 0.000000 -0.318298 0.947991 0.000000 0.000000 0.000000 0.000000 1.000000 0.000000 0.000000 0.000000 0.000000 1.000000
0.918326 0.395826 0.000000 0.000000 -0.395826 0.918326 0.000000 0.000000 0.000000 0.000000 1.000000 0.000000 0.000000 0.000000 0.000000 1.000000
0.891640 0.452746 0.000000 0.000000 -0.452746 0.891640 0.000000 0.000000 0.000000 0.000000 1.000000 0.000000 0.000000 0.000000 0.000000 1.000000
0.872901 0.487898 0.000000 0.000000 -0.487898 0.872901 0.000000 0.000000 0.000000 0.000000 1.000000 0.000000 0.000000 0.000000 0.000000 1.000000
0.866025 0.500000 0.000000 0.000000 -0.500000 0.866025 0.000000 0.000000 0.000000 0.000000 1.000000 0.000000 0.000000 0.000000 0.000000 1.000000
0.891955 0.452123 0.000000 0.000000 -0.452123 0.891955 0.000000 0.000000 0.000000 0.000000 1.000000 0.000000 0.000000 0.000000 0.000000 1.000000
0.942991 0.332820 0.000000 0.000000 -0.332820 0.942991 0.000000 0.000000 0.000000 0.000000 1.000000 0.000000 0.000000 0.000000 0.000000 1.000000
0.983064 0.183265 0.000000 0.000000 -0.183265 0.983064 0.000000 0.000000 0.000000 0.000000 1.000000 0.000000 0.000000 0.000000 0.000000 1.000000
0.998518 0.054427 0.000000 0.000000 -0.054427 0.998518 0.000000 0.000000 0.000000 0.000000 1.000000 0.000000 0.000000 0.000000 0.000000 1.000000
1.000000 0.000000 0.000000 0.000000 0.000000 1.000000 0.000000 0.000000 0.000000 0.000000 1.000000 0.000000 0.000000 0.000000 0.000000 1.000000</float_array><technique_common><accessor source="#pPlane5-Matrix-animation-output-transform-array" count="45" stride="16"><param type="float4x4"/></accessor></technique_common></source><source id="pPlane5-Interpolations"><Name_array id="pPlane5-Interpolations-array" count="45">
 LINEAR LINEAR LINEAR LINEAR LINEAR LINEAR LINEAR LINEAR LINEAR LINEAR LINEAR
LINEAR LINEAR LINEAR LINEAR LINEAR LINEAR LINEAR LINEAR LINEAR LINEAR LINEAR LINEAR
LINEAR LINEAR LINEAR LINEAR LINEAR LINEAR LINEAR LINEAR LINEAR LINEAR LINEAR LINEAR
LINEAR LINEAR LINEAR LINEAR LINEAR LINEAR LINEAR LINEAR LINEAR LINEAR</Name_array><technique_common><accessor source="#pPlane5-Interpolations-array" count="45"><param type="name"/></accessor></technique_common></source><sampler id="pPlane5-Matrix-animation-transform"><input semantic="INPUT" source="#pPlane5-Matrix-animation-input"/><input semantic="OUTPUT" source="#pPlane5-Matrix-animation-output-transform"/><input semantic="INTERPOLATION" source="#pPlane5-Interpolations"/></sampler><channel source="#pPlane5-Matrix-animation-transform" target="pPlane5/matrix"/></animation><animation><source id="pPlane5-visibility-animation-input"><float_array id="pPlane5-visibility-animation-input-array" count="4">

0.041667 0.833333 1.666667 1.875000</float_array><technique_common><accessor source="#pPlane5-visibility-animation-input-array" count="4"><param name="TIME" type="float"/></accessor></technique_common></source><source id="pPlane5-visibility-animation-output"><float_array id="pPlane5-visibility-animation-output-array" count="4">

1.000000 1.000000 1.000000 1.000000</float_array><technique_common><accessor source="#pPlane5-visibility-animation-output-array" count="4"><param type="float"/></accessor></technique_common></source><source id="pPlane5-visibility-animation-intan"><float_array id="pPlane5-visibility-animation-intan-array" count="4">

0.000000 0.000000 0.000000 0.000000</float_array><technique_common><accessor source="#pPlane5-visibility-animation-intan-array" count="4"><param type="float"/></accessor></technique_common></source><source id="pPlane5-visibility-animation-outtan"><float_array id="pPlane5-visibility-animation-outtan-array" count="4">

0.000000 0.000000 0.000000 0.000000</float_array><technique_common><accessor source="#pPlane5-visibility-animation-outtan-array" count="4"><param type="float"/></accessor></technique_common></source><source id="pPlane5-visibility-animation-interpolation"><Name_array id="pPlane5-visibility-animation-interpolation-array" count="4">
